i	pos	gap	A	C	G	T	N	-	_	tot
0	0	0	0	0	0	0	0	0	1	1
1	25719	25719	1	0	0	0	0	0	0	1
2	25738	19	2	0	1	0	0	0	0	3
3	25756	18	0	5	0	4	0	0	0	9
4	25758	2	4	0	0	4	0	0	0	8
5	25774	16	0	3	9	0	0	0	0	12
6	25777	3	6	6	0	0	0	0	0	12
7	25779	2	6	0	0	6	0	0	0	12
8	25784	5	0	4	8	0	0	0	0	12
9	25798	14	9	0	8	0	0	0	0	17
10	25807	9	4	0	14	0	0	0	0	18
11	25812	5	21	0	1	0	0	0	0	22
12	25813	1	0	0	1	16	0	0	0	17
13	25822	9	13	0	0	2	0	0	0	15
14	25825	3	1	0	15	0	0	0	0	16
15	25827	2	13	0	0	0	0	0	0	13
16	25853	26	2	1	9	1	0	0	0	13
17	25857	4	7	6	0	0	0	0	0	13
18	25858	1	0	0	9	1	0	0	0	10
19	25859	1	0	0	8	1	0	0	0	9
20	25860	1	3	1	0	1	0	0	0	5
21	25866	6	3	0	1	0	0	0	0	4
22	25893	27	5	0	0	0	0	0	0	5
23	25909	16	1	0	0	0	0	0	0	1
24	25977	68	3	3	0	0	0	0	0	6
25	25982	5	5	0	1	0	0	0	0	6
26	25984	2	0	0	0	5	0	0	0	5
27	25991	7	0	2	2	0	0	0	0	4
28	25994	3	1	0	2	0	0	0	0	3
29	25999	5	3	0	1	0	0	0	0	4
30	26001	2	0	1	0	3	0	0	0	4
31	26006	5	0	4	0	1	0	0	0	5
32	26026	20	0	0	0	0	0	0	0	0
33	26097	71	1	2	0	0	0	0	0	3
34	26098	1	0	1	0	2	0	0	0	3
35	26100	2	2	0	1	0	0	0	0	3
36	26103	3	0	1	0	2	0	0	0	3
37	26119	16	14	0	2	1	0	3	0	20
38	26122	3	1	0	17	0	0	0	0	18
39	26151	29	0	2	0	11	0	0	0	13
40	26159	8	2	0	0	12	0	0	0	14
41	26161	2	2	0	7	0	0	0	0	9
42	26166	5	12	0	0	11	0	0	0	23
43	26172	6	1	0	20	0	0	2	0	23
44	26177	5	0	18	0	2	0	0	0	20
45	26183	6	2	0	24	0	0	0	0	26
46	26187	4	0	0	1	23	0	0	0	24
47	26200	13	0	9	0	15	0	0	0	24
48	26206	6	1	20	0	3	0	0	0	24
49	26215	9	0	0	20	0	0	0	0	20
50	26225	10	0	0	13	0	0	0	0	13
51	26243	18	0	10	0	10	0	0	0	20
52	26253	10	0	0	1	18	0	0	0	19
53	26258	5	1	15	0	0	0	0	0	16
54	26270	12	12	0	1	0	0	0	0	13
55	26274	4	0	2	0	11	0	0	0	13
56	26275	1	7	0	6	0	0	0	0	13
57	26278	3	0	0	14	1	0	0	0	15
58	26280	2	1	0	0	14	0	0	0	15
59	26281	1	2	0	10	0	0	0	0	12
60	26287	6	0	7	0	5	0	0	0	12
61	26289	2	11	0	0	1	0	0	0	12
62	26297	8	0	0	0	6	0	0	0	6
63	26314	17	5	0	1	0	0	0	0	6
64	26319	5	1	0	5	0	0	0	0	6
65	26322	3	1	0	1	0	0	0	0	2
66	26330	8	0	0	0	0	0	0	0	0
67	26598	268	1	0	0	2	0	0	0	3
68	26646	48	0	2	0	2	0	0	0	4
69	26669	23	1	6	0	0	0	0	0	7
70	26686	17	1	7	0	0	0	0	0	8
71	26691	5	0	0	1	7	0	0	0	8
72	26692	1	0	0	0	0	0	0	0	0
73	26794	102	10	1	0	0	0	0	0	11
74	26803	9	0	0	9	3	0	0	0	12
75	26804	1	10	0	0	0	0	0	0	10
76	26815	11	0	2	8	0	0	0	0	10
77	26818	3	1	0	9	0	0	0	0	10
78	26821	3	0	8	0	2	0	0	0	10
79	26824	3	0	0	17	1	0	0	0	18
80	26844	20	18	0	6	0	0	0	0	24
81	26850	6	0	2	0	25	0	0	0	27
82	26851	1	0	0	19	0	0	0	0	19
83	26861	10	0	18	0	1	0	0	0	19
84	26863	2	0	0	0	15	0	0	0	15
85	26880	17	3	0	7	0	0	0	0	10
86	26887	7	8	1	0	0	0	0	0	9
87	26889	2	8	0	0	0	0	0	0	8
88	26893	4	0	0	3	0	0	0	0	3
89	26911	18	1	0	2	0	0	0	0	3
