i	pos	gap	A	C	G	T	N	-	_	tot
0	0	0	0	0	0	0	0	0	0	0
1	26135	26135	0	0	0	0	0	0	0	0
2	26373	238	36	0	2	0	0	0	0	38
3	26374	1	0	2	0	36	0	0	0	38
4	26386	12	38	0	2	0	0	0	0	40
5	26396	10	35	0	1	0	0	0	0	36
6	26461	65	0	0	0	60	0	0	0	60
7	26475	14	2	0	56	2	0	0	0	60
8	26498	23	0	2	0	81	0	0	0	83
9	26514	16	0	2	0	74	0	0	0	76
10	26544	30	96	0	0	0	0	0	0	96
11	26556	12	99	0	2	0	0	0	0	101
12	26566	10	0	1	112	1	0	0	0	114
13	26567	1	0	0	122	1	0	0	0	123
14	26568	1	0	0	1	120	0	0	0	121
15	26569	1	120	0	0	1	0	0	0	121
16	26570	1	0	119	0	3	0	0	0	122
17	26572	2	125	1	2	0	0	0	0	128
18	26573	1	126	0	0	1	0	0	0	127
19	26575	2	1	0	126	0	0	0	0	127
20	26576	1	0	1	0	126	0	0	0	127
21	26577	1	1	0	0	143	0	0	0	144
22	26578	1	0	142	0	2	0	0	0	144
23	26579	1	143	0	2	0	0	0	0	145
24	26580	1	146	1	0	0	0	0	0	147
25	26581	1	1	0	0	146	0	0	0	147
26	26582	1	0	1	149	0	0	0	0	150
27	26584	2	146	0	1	0	0	0	0	147
28	26586	2	0	1	0	148	0	0	0	149
29	26587	1	0	0	1	158	0	0	0	159
30	26588	1	0	1	0	157	0	0	0	158
31	26590	2	159	0	1	0	0	0	0	160
32	26591	1	159	1	0	0	0	0	0	160
33	26592	1	155	2	0	0	0	0	0	157
34	26593	1	154	1	1	0	0	0	0	156
35	26595	2	0	1	1	157	0	0	0	159
36	26596	1	0	157	1	0	0	0	0	158
37	26597	1	1	0	1	155	0	0	0	157
38	26598	1	1	0	0	146	0	0	0	147
39	26613	15	0	2	0	142	0	0	0	144
40	26636	23	110	0	0	0	0	0	0	110
41	26657	21	0	2	0	90	0	0	0	92
42	26664	7	67	0	0	1	0	0	0	68
43	26679	15	0	1	0	74	0	0	0	75
44	26680	1	71	0	0	1	0	0	0	72
45	26681	1	0	0	1	64	0	0	0	65
46	26682	1	64	0	0	1	0	0	0	65
47	26683	1	0	1	0	64	0	0	0	65
48	26684	1	64	0	0	1	0	0	0	65
49	26685	1	0	1	0	65	0	0	0	66
50	26686	1	0	57	0	1	0	0	0	58
51	26687	1	0	0	54	1	0	0	0	55
52	26689	2	0	0	52	1	0	0	0	53
53	26691	2	1	0	0	49	0	0	0	50
54	26692	1	0	1	48	0	0	0	0	49
55	26694	2	0	1	0	47	0	0	0	48
56	26696	2	0	45	0	1	0	0	0	46
57	26697	1	45	1	0	0	0	0	0	46
58	26698	1	0	0	45	1	0	0	0	46
59	26699	1	42	0	1	0	0	0	0	43
60	26701	2	0	1	0	42	0	0	0	43
61	26702	1	40	0	1	0	0	0	0	41
62	26703	1	0	1	0	40	0	0	0	41
63	26704	1	40	0	0	1	0	0	0	41
64	26705	1	39	0	1	0	0	0	0	40
65	26706	1	36	1	0	0	0	0	0	37
66	26710	4	0	1	0	37	0	0	0	38
67	26711	1	35	0	3	0	0	0	0	38
68	26712	1	1	0	0	37	0	0	0	38
69	26715	3	0	1	0	37	0	0	0	38
70	26716	1	35	0	0	1	0	0	0	36
71	26718	2	0	0	1	35	0	0	0	36
72	26719	1	1	0	0	35	0	0	0	36
73	26720	1	1	35	0	0	0	0	0	36
74	26721	1	0	0	1	35	0	0	0	36
75	26722	1	0	0	35	1	0	0	0	36
76	26723	1	0	0	1	35	0	0	0	36
77	26726	3	0	29	0	0	0	0	0	29
78	26744	18	28	0	2	0	0	0	0	30
79	26745	1	0	2	0	10	0	0	0	12
80	26816	71	12	0	2	0	0	0	0	14
81	26847	31	0	1	0	9	0	0	0	10
82	26879	32	0	7	0	2	0	0	0	9
83	26888	9	0	3	6	0	0	0	0	9
84	26889	1	3	6	0	0	0	0	0	9
85	26890	1	6	0	0	3	0	0	0	9
86	26891	1	0	3	0	5	0	0	0	8
87	26892	1	3	5	0	0	0	0	0	8
88	26893	1	5	0	3	0	0	0	0	8
89	26894	1	0	3	5	0	0	0	0	8
90	26895	1	3	1	0	0	0	0	0	4
91	26896	1	1	3	0	0	0	0	0	4
92	26897	1	3	1	0	0	0	0	0	4
