i	pos	gap	A	C	G	T	N	-	_	tot
0	0	0	0	0	0	0	0	0	37	37
1	26738	26738	0	2	0	35	0	0	0	37
2	26743	5	37	0	2	0	0	0	0	39
3	26765	22	0	0	50	1	0	0	0	51
4	26767	2	0	0	51	2	0	0	0	53
5	26770	3	0	0	47	1	0	0	0	48
6	26794	24	54	0	2	0	0	0	0	56
7	26807	13	0	53	0	2	0	0	0	55
8	26825	18	53	0	2	0	0	0	0	55
9	26846	21	2	0	64	0	0	0	0	66
10	26855	9	1	68	0	0	0	0	0	69
11	26878	23	3	74	0	0	0	0	0	77
12	26881	3	57	0	2	0	0	0	0	59
13	26902	21	4	59	0	0	0	0	0	63
14	26915	13	69	0	1	0	0	0	0	70
15	26916	1	0	0	1	65	0	0	0	66
16	26917	1	65	0	0	1	0	0	0	66
17	26918	1	63	0	0	1	0	0	0	64
18	26920	2	1	64	0	0	0	0	0	65
19	26921	1	2	62	0	1	0	0	0	65
20	26922	1	1	1	60	3	0	0	0	65
21	26923	1	63	1	0	0	0	0	0	64
22	26925	2	0	1	0	63	0	0	0	64
23	26926	1	60	0	0	1	0	0	0	61
24	26927	1	61	0	0	1	0	0	0	62
25	26928	1	0	0	64	1	0	0	0	65
26	26929	1	1	0	0	63	0	0	0	64
27	26930	1	0	0	1	63	0	0	0	64
28	26932	2	0	0	63	1	0	0	0	64
29	26933	1	1	62	0	1	0	0	0	64
30	26934	1	1	0	1	62	0	0	0	64
31	26935	1	63	0	0	1	0	0	0	64
32	26936	1	2	0	0	62	0	0	0	64
33	26938	2	2	0	62	0	0	0	0	64
34	26940	2	1	0	62	1	0	0	0	64
35	26941	1	62	1	0	1	0	0	0	64
36	26943	2	1	1	0	62	0	0	0	64
37	26944	1	62	1	0	1	0	0	0	64
38	26945	1	63	0	0	1	0	0	0	64
39	26946	1	61	1	0	1	0	0	0	63
40	26947	1	0	0	61	2	0	0	0	63
41	26948	1	61	0	0	1	0	0	0	62
42	26951	3	0	0	63	1	0	0	0	64
43	26953	2	1	0	0	63	0	0	0	64
44	26954	1	0	0	61	2	0	0	0	63
45	26955	1	0	0	62	1	0	0	0	63
46	26956	1	61	0	0	1	0	0	0	62
47	26957	1	0	0	55	2	0	0	0	57
48	26958	1	56	0	1	0	0	0	0	57
49	26959	1	55	0	0	0	0	0	0	55
50	26960	1	0	55	0	1	0	0	0	56
51	26961	1	1	0	0	52	0	0	0	53
52	26963	2	52	0	0	1	0	0	0	53
