i	pos	gap	A	C	G	T	N	-	_	tot
0	0	0	0	0	0	0	0	0	5	5
1	25992	25992	0	0	1	4	0	0	0	5
2	25994	2	0	0	4	1	0	0	0	5
3	25995	1	4	1	0	0	0	0	0	5
4	25996	1	1	0	0	4	0	0	0	5
5	25997	1	1	0	4	0	0	0	0	5
6	25999	2	4	0	0	1	0	0	0	5
7	26001	2	0	1	0	4	0	0	0	5
8	26002	1	1	0	0	4	0	0	0	5
9	26003	1	0	0	4	1	0	0	0	5
10	26004	1	4	1	0	0	0	0	0	5
11	26006	2	0	0	0	0	0	0	0	0
12	26398	392	2	0	0	3	0	0	0	5
13	26399	1	3	0	2	0	0	0	0	5
14	26402	3	0	3	0	2	0	0	0	5
15	26403	1	2	0	0	3	0	0	0	5
16	26409	6	2	0	3	0	0	0	0	5
17	26410	1	0	3	0	2	0	0	0	5
18	26412	2	2	0	0	3	0	0	0	5
19	26413	1	2	0	0	3	0	0	0	5
20	26414	1	0	0	3	2	0	0	0	5
21	26419	5	2	0	0	3	0	0	0	5
22	26420	1	0	1	0	0	0	0	0	1
23	26606	186	9	1	0	0	0	0	0	10
24	26607	1	1	0	0	8	0	0	0	9
25	26616	9	0	2	0	8	0	0	0	10
26	26630	14	1	0	0	10	0	0	0	11
27	26631	1	1	0	0	10	0	0	0	11
28	26635	4	9	1	0	0	0	0	0	10
29	26642	7	0	1	0	9	0	0	0	10
30	26648	6	0	0	7	2	0	0	0	9
31	26654	6	8	0	0	1	0	0	0	9
32	26655	1	1	0	0	8	0	0	0	9
33	26656	1	8	1	0	0	0	0	0	9
34	26659	3	7	1	0	0	0	0	0	8
35	26662	3	1	0	7	0	0	0	0	8
36	26664	2	7	0	0	1	0	0	0	8
37	26665	1	1	0	0	7	0	0	0	8
38	26666	1	7	0	1	0	0	0	0	8
39	26667	1	1	0	0	7	0	0	0	8
