i	pos	gap	A	C	G	T	N	-	_	tot
0	0	0	0	0	0	0	0	0	6	6
1	43904	43904	3	3	0	0	0	0	0	6
2	43907	3	0	0	3	7	0	0	0	10
3	43908	1	3	7	0	0	0	0	0	10
4	43909	1	0	0	3	7	0	0	0	10
5	43918	9	4	0	4	0	0	0	0	8
6	43951	33	0	0	7	0	0	0	0	7
7	43960	9	3	0	4	0	0	0	0	7
8	43966	6	0	0	0	0	0	0	0	0
9	44004	38	0	2	0	1	0	0	0	3
10	44051	47	5	0	0	0	0	0	0	5
11	44063	12	0	3	0	2	0	0	0	5
12	44072	9	0	0	0	2	0	0	0	2
13	44080	8	0	0	2	0	0	0	0	2
14	44090	10	0	5	0	0	0	0	0	5
15	44103	13	0	0	1	6	0	0	0	7
16	44111	8	0	5	0	2	0	0	0	7
17	44118	7	0	7	0	1	0	0	0	8
18	44121	3	2	0	6	0	0	0	0	8
19	44140	19	0	7	0	1	0	0	0	8
20	44147	7	0	0	0	1	0	0	0	1
21	44176	29	0	1	0	0	0	0	0	1
22	44191	15	0	2	0	1	0	0	0	3
23	44221	30	0	3	0	1	0	0	0	4
24	44246	25	0	0	0	2	0	0	0	2
25	44255	9	3	1	0	0	0	0	0	4
26	44263	8	3	0	0	0	0	0	0	3
27	44278	15	5	0	1	0	0	0	0	6
28	44282	4	1	5	0	0	0	0	0	6
29	44283	1	0	4	0	2	0	0	0	6
30	44284	1	3	0	2	0	0	0	0	5
31	44287	3	2	0	0	3	0	0	0	5
32	44290	3	3	0	2	0	0	0	0	5
33	44311	21	3	0	2	0	0	0	0	5
34	44320	9	0	3	0	2	0	0	0	5
35	44335	15	0	0	1	0	0	0	0	1
36	44347	12	1	0	0	1	0	0	0	2
37	44362	15	3	0	6	0	0	0	0	9
38	44371	9	0	0	1	7	0	0	0	8
39	44404	33	0	0	1	0	0	0	0	1
40	44428	24	0	1	0	1	0	0	0	2
41	44433	5	0	1	0	0	0	0	0	1
42	44473	40	0	0	5	2	0	0	0	7
43	44474	1	5	0	0	1	0	0	0	6
44	44497	23	0	2	0	3	0	0	0	5
45	44516	19	1	0	0	10	0	0	0	11
46	44531	15	10	0	0	8	0	0	0	18
47	44538	7	0	17	0	1	0	0	0	18
48	44544	6	0	2	0	16	0	0	0	18
49	44557	13	15	0	13	0	0	0	0	28
50	44558	1	0	29	0	1	0	0	0	30
51	44568	10	1	35	0	0	0	0	0	36
52	44571	3	3	0	0	33	0	0	0	36
53	44573	2	35	1	0	0	0	0	0	36
54	44574	1	2	31	0	2	0	0	0	35
55	44575	1	29	1	0	3	0	0	0	33
56	44578	3	31	0	1	0	0	0	0	32
57	44583	5	24	0	0	0	0	0	0	24
58	44601	18	29	0	1	0	0	0	0	30
59	44602	1	29	1	0	0	0	0	0	30
60	44606	4	0	28	0	2	0	0	0	30
61	44608	2	25	0	0	1	0	0	0	26
62	44611	3	19	0	5	0	0	0	0	24
63	44615	4	1	0	0	23	0	0	0	24
64	44617	2	23	1	0	0	0	0	0	24
65	44620	3	0	0	1	23	0	0	0	24
66	44630	10	2	12	0	0	0	0	0	14
67	44644	14	4	0	0	9	0	0	0	13
68	44649	5	0	1	0	13	0	0	0	14
69	44652	3	1	0	15	0	0	0	0	16
70	44656	4	8	0	1	0	0	0	0	9
71	44677	21	7	0	3	1	0	0	0	11
72	44681	4	0	1	11	0	0	0	0	12
73	44682	1	0	4	0	6	0	0	0	10
74	44689	7	0	3	0	7	0	0	0	10
75	44698	9	17	1	0	0	0	0	0	18
76	44711	13	0	8	0	7	0	0	0	15
77	44722	11	21	0	1	0	0	0	0	22
78	44727	5	20	0	0	2	0	0	0	22
79	44731	4	0	11	0	12	0	0	0	23
80	44737	6	20	0	0	1	0	0	0	21
81	44744	7	15	1	0	0	0	0	0	16
82	44760	16	1	1	0	32	0	0	0	34
83	44761	1	32	1	0	1	0	0	0	34
84	44763	2	33	1	0	0	0	0	0	34
85	44764	1	0	11	0	23	0	0	0	34
86	44768	4	0	0	1	36	0	0	0	37
87	44770	2	1	1	0	35	0	0	0	37
88	44771	1	1	35	0	0	0	0	0	36
89	44773	2	3	0	0	31	0	0	0	34
90	44774	1	33	0	1	0	0	0	0	34
91	44775	1	26	0	1	0	0	0	0	27
92	44794	19	15	0	0	16	0	0	0	31
93	44797	3	29	0	1	0	0	0	0	30
94	44798	1	0	32	2	0	0	0	0	34
95	44801	3	0	0	1	31	0	0	0	32
96	44809	8	0	20	0	16	0	0	0	36
97	44811	2	19	0	0	0	0	0	0	19
98	44826	15	0	0	22	1	0	0	0	23
99	44830	4	18	0	3	0	0	0	0	21
100	44836	6	19	0	2	0	0	0	0	21
101	44839	3	9	0	0	4	0	0	0	13
102	44851	12	16	0	0	1	0	0	0	17
103	44853	2	1	0	16	0	0	0	0	17
104	44855	2	0	0	12	2	0	0	0	14
105	44861	6	0	1	1	13	0	0	0	15
106	44862	1	0	0	0	11	0	0	0	11
107	44871	9	9	0	6	0	0	0	0	15
108	44872	1	0	3	0	11	0	0	0	14
109	44874	2	1	0	0	14	0	0	0	15
110	44877	3	0	0	15	1	0	0	0	16
111	44879	2	1	0	15	0	0	0	0	16
112	44881	2	15	0	1	0	0	0	0	16
113	44890	9	0	3	0	18	0	0	0	21
114	44896	6	20	0	1	0	0	0	0	21
115	44897	1	3	0	16	0	0	0	0	19
116	44899	2	18	0	0	1	0	0	0	19
117	44901	2	0	3	0	14	0	0	0	17
118	44909	8	0	1	0	13	0	0	0	14
119	44924	15	1	0	14	0	0	0	0	15
120	44931	7	0	19	0	2	0	0	0	21
121	44933	2	1	0	19	0	0	0	0	20
122	44934	1	0	1	0	18	0	0	0	19
123	44939	5	6	0	13	0	0	0	0	19
124	44940	1	0	0	0	14	0	0	0	14
125	44951	11	0	0	15	1	0	0	0	16
126	44952	1	1	0	9	0	0	0	0	10
127	44979	27	0	1	0	23	0	0	0	24
128	44988	9	23	1	0	0	0	0	0	24
129	44993	5	0	0	21	1	0	0	0	22
130	45001	8	1	0	20	0	0	0	0	21
131	45007	6	19	0	1	0	0	0	0	20
132	45034	27	19	1	0	0	0	0	0	20
133	45035	1	0	0	11	9	0	0	0	20
134	45036	1	1	3	0	13	0	0	0	17
135	45043	7	5	0	0	0	0	0	0	5
136	45046	3	1	0	0	3	0	1	0	5
137	45050	4	1	1	0	3	0	0	0	5
