i	pos	gap	A	C	G	T	N	-	_	tot
0	0	0	0	0	0	0	0	0	24	24
1	43880	43880	23	1	0	0	0	0	0	24
2	43896	16	2	40	0	0	0	0	0	42
3	43902	6	2	0	0	43	0	0	0	45
4	43935	33	0	0	54	3	0	0	0	57
5	43947	12	2	62	0	0	0	0	0	64
6	43950	3	1	61	0	0	0	0	0	62
7	43956	6	58	0	0	0	0	0	0	58
8	43970	14	58	0	2	0	0	0	0	60
9	43971	1	0	0	58	2	0	0	0	60
10	43974	3	0	2	0	55	0	0	0	57
11	43989	15	2	58	0	0	0	0	0	60
12	44000	11	0	0	59	2	0	0	0	61
13	44021	21	0	0	48	2	0	0	0	50
14	44058	37	0	32	0	0	0	0	0	32
15	44087	29	20	0	0	0	0	0	0	20
16	44134	47	0	2	0	23	0	0	0	25
17	44143	9	10	0	0	1	0	0	0	11
18	44211	68	2	19	0	0	0	0	0	21
19	44214	3	0	18	0	2	0	0	0	20
20	44217	3	0	2	0	15	0	0	0	17
21	44245	28	0	2	0	57	0	0	0	59
22	44247	2	2	59	0	0	0	0	0	61
23	44258	11	2	66	0	0	0	0	0	68
24	44281	23	65	0	0	0	0	0	0	65
25	44316	35	0	0	76	1	0	0	0	77
26	44317	1	0	2	0	71	0	0	0	73
27	44318	1	0	2	0	69	0	0	0	71
28	44323	5	70	0	0	1	0	0	0	71
29	44324	1	71	1	0	0	0	0	0	72
30	44325	1	0	2	0	69	0	0	0	71
31	44326	1	70	1	0	0	0	0	0	71
32	44327	1	0	1	47	0	0	0	0	48
33	44346	19	0	0	42	1	0	0	0	43
34	44355	9	2	38	0	0	0	0	0	40
35	44358	3	0	0	31	1	0	0	0	32
36	44368	10	0	0	23	0	0	0	0	23
37	44407	39	17	0	2	0	0	0	0	19
38	44436	29	0	1	0	19	0	0	0	20
39	44437	1	15	0	0	0	0	0	0	15
40	44465	28	0	38	0	2	0	0	0	40
41	44472	7	42	0	2	0	0	0	0	44
42	44473	1	0	0	44	1	0	0	0	45
43	44476	3	0	1	0	44	0	0	0	45
44	44496	20	2	60	0	0	0	0	0	62
45	44497	1	0	4	0	60	0	0	0	64
46	44498	1	2	59	0	0	0	0	0	61
47	44512	14	61	0	0	0	0	0	0	61
48	44538	26	0	54	0	0	0	0	0	54
49	44562	24	2	50	0	0	0	0	0	52
50	44568	6	1	52	0	0	0	0	0	53
51	44573	5	30	0	2	0	0	0	0	32
52	44606	33	0	36	0	0	0	0	0	36
53	44622	16	0	0	34	1	0	0	0	35
54	44644	22	49	0	0	2	0	0	0	51
55	44652	8	0	0	49	2	0	0	0	51
56	44666	14	0	0	0	52	0	0	0	52
57	44679	13	1	57	0	0	0	0	0	58
58	44704	25	74	0	1	0	0	0	0	75
59	44707	3	0	2	0	73	0	0	0	75
60	44708	1	0	0	0	32	0	0	0	32
61	44801	93	0	1	0	65	0	0	0	66
62	44802	1	1	54	0	0	0	0	0	55
63	44823	21	0	2	0	58	0	0	0	60
64	44826	3	0	0	59	2	0	0	0	61
65	44829	3	2	43	0	0	0	0	0	45
66	44853	24	0	0	35	2	0	0	0	37
67	44887	34	36	0	1	0	0	0	0	37
68	44890	3	0	0	0	24	0	0	0	24
69	44921	31	0	1	0	16	0	0	0	17
70	44931	10	0	9	0	0	0	0	0	9
71	44981	50	2	28	0	0	0	0	0	30
72	44983	2	2	27	0	0	0	0	0	29
73	44990	7	0	0	26	2	0	0	0	28
74	45018	28	0	25	0	0	0	0	0	25
75	45055	37	23	0	2	0	0	0	0	25
