i	pos	gap	A	C	G	T	N	-	_	tot
0	0	0	0	0	0	0	0	0	30	30
1	25639	25639	28	0	0	2	0	0	0	30
2	25647	8	0	1	0	28	0	0	0	29
3	25658	11	0	0	18	0	0	0	0	18
4	25692	34	0	1	0	15	0	0	0	16
5	25735	43	0	0	20	2	0	0	0	22
6	25791	56	31	0	0	0	0	0	0	31
7	25821	30	26	0	1	0	0	0	0	27
8	25857	36	0	5	0	0	0	0	0	5
9	25948	91	23	0	2	0	0	0	0	25
10	25949	1	1	22	0	0	0	0	0	23
11	25952	3	1	25	0	0	0	0	0	26
12	25957	5	1	0	0	25	0	0	0	26
13	25958	1	25	0	0	1	0	0	0	26
14	25959	1	1	25	0	0	0	0	0	26
15	25961	2	0	0	22	1	0	0	0	23
16	25987	26	0	2	1	22	0	0	0	25
17	26006	19	0	25	0	1	0	0	0	26
18	26007	1	1	23	0	0	0	0	0	24
19	26030	23	25	1	0	0	0	0	0	26
20	26042	12	1	26	0	0	0	0	0	27
21	26044	2	1	0	0	13	0	0	0	14
22	26081	37	0	14	0	0	0	0	0	14
23	26097	16	0	12	0	0	0	0	0	12
24	26111	14	2	10	0	0	0	0	0	12
