i	pos	gap	A	C	G	T	N	-	_	tot
0	0	0	0	0	0	0	0	0	7	7
1	43834	43834	5	0	2	0	0	0	0	7
2	43851	17	0	5	0	1	0	0	0	6
3	43903	52	0	6	0	0	0	0	0	6
4	43963	60	0	0	7	0	0	0	0	7
5	44010	47	0	0	0	0	0	0	0	0
6	44277	267	0	1	7	0	0	0	0	8
7	44319	42	0	1	0	11	0	0	0	12
8	44320	1	0	11	1	0	0	0	0	12
9	44321	1	0	0	1	11	0	0	0	12
10	44322	1	0	1	0	11	0	0	0	12
11	44324	2	12	0	1	0	0	0	0	13
12	44325	1	0	1	0	12	0	0	0	13
13	44326	1	13	0	1	0	0	0	0	14
14	44327	1	0	0	12	1	0	0	0	13
15	44328	1	0	1	0	12	0	0	0	13
16	44329	1	1	0	0	11	0	0	0	12
17	44331	2	11	0	0	1	0	0	0	12
18	44332	1	0	0	1	11	0	0	0	12
19	44334	2	0	11	1	0	0	0	0	12
20	44335	1	10	0	0	1	0	0	0	11
21	44336	1	1	0	0	11	0	0	0	12
22	44337	1	0	11	0	1	0	0	0	12
23	44339	2	1	0	11	0	0	0	0	12
24	44340	1	0	0	1	10	0	0	0	11
25	44343	3	1	10	0	0	0	0	0	11
26	44344	1	10	1	0	0	0	0	0	11
27	44345	1	1	4	0	0	0	0	0	5
28	44446	101	0	0	0	6	0	0	0	6
29	44460	14	0	0	0	0	0	0	0	0
30	44679	219	0	4	0	0	0	0	0	4
31	44814	135	2	14	0	0	0	0	0	16
32	44826	12	0	1	14	0	0	0	0	15
33	44847	21	0	6	0	0	0	0	0	6
34	44945	98	0	0	0	11	0	0	0	11
35	44962	17	1	0	15	0	0	0	0	16
36	44969	7	0	2	0	14	0	0	0	16
